1
1
41
390.831
430.831
487.484
529.551
809.643
849.643
1199.47
1239.47
1296.13
1338.19
1618.29
1658.29
2008.12
2104.77
2146.84
2426.93
2816.76
2856.76
3235.57
3275.57
3625.4
3665.4
3722.06
3764.12
4044.21
4084.21
4132.69
4184.24
4434.04
4530.7
4572.76
4852.86
4922.8
4941.33
5242.69
5315.67
5580.42
5661.5
5749.98
6051.33
6091.33
6389.06
6470.14
6859.97
6899.97
7278.78
7318.78
7348.73
7367.26
7500.86
7668.62
7741.59
7765.27
7807.34
8006.35
8087.43
8127.43
8157.37
8175.9
8309.51
8370.84
8477.26
8517.26
8550.24
8573.91
8615.98
8683.84
8814.99
8896.07
9285.9
9325.9
9358.88
9435.67
9704.71
9744.71
10094.5
10191.2
10233.3
10244.3
10513.4
10553.4
10583.3
10903.2
10943.2
10999.8
11041.9
11109.8
11240.9
11322
11362
11410.5
11544.1
11711.8
11751.8
11784.8
11808.5
11850.5
11861.6
11918.4
12049.6
12130.6
12219.1
12372.8
12520.5
12602.6
12670.2
12939.3
13009.2
13181.5
13329.1
13666.8
13747.9
13836.4
14137.8
14177.8
14475.5
14556.6
14596.6
14645
14778.6
14887.8
14946.4
15019.4
15043.1
15085.1
15096.2
15153
15365.2
15405.2
15435.2
15453.7
15587.3
15696.5
15755
15828
15851.7
15893.8
15904.8
16092.8
16173.9
16243.8
16563.7
16603.7
16636.7
16807.8
16901.4
16982.5
17022.5
17204.6
17313.8
17372.3
17469
17511
17791.1
17861.1
18013.2
18033.3
18122.4
18181
18330.7
18387.6
18599.8
18639.8
18669.7
18688.3
18821.9
18989.6
19029.6
19062.6
19086.3
19128.3
19196.2
19327.3
19408.4
19448.4
19496.9
19798.3
19894.9
19911.9
19937
19948
20004.8
20217.1
20257.1
20287
20459.3
20548.3
20606.9
20679.9
20703.6
20720.6
20745.6
20756.7
21025.7
21035.8
21095.7
21114.2
21267.9
21357
21415.5
21455.5
21753.3
21834.4
21874.4
22056.4
22224.2
22264.2
22320.8
22337.9
22362.9
22430.8
22643
22683
22712.9
22731.5
22865.1
22885.2
23032.8
23072.8
23129.5
23146.5
23171.5
23451.6
23521.6
23540.1
23693.8
23782.9
23841.5
23881.5
23914.4
24048
24179.2
24260.3
24300.3
24348.8
24482.4
24650.1
24690.1
24746.8
24788.8
25068.9
25237.4
25311.1
25400.2
25458.8
25572.4
25877.6
25966
26208.8
26267.4
26340.4
26381.1
26605.1
26686.2
26774.7
26908.3
27076
27282.6
27413.8
27494.9
27716.9
27755.6
27884.7
27957.7
28034.5
28222.4
28303.5
28343.5
28373.4
28392
28545.7
28693.3
28733.3
28766.3
28790
28807
28832
29031.1
29112.1
29152.1
29182.1
29334.2
29409.6
29502
29574.9
29598.6
29839.7
29920.8
29960.8
29990.7
30142.9
30310.6
30350.6
30383.6
30407.3
30424.3
30449.3
30460.4
30729.4
30799.4
31119.3
31232.9
31538.1
31760.1
31927.9
32134.5
32346.7
32386.7
32416.7
32435.2
32736.5
32776.5
32833.2
32875.3
32886.3
32943.1
33155.4
33195.4
33397.5
33545.2
33585.2
33618.2
33641.8
33683.9
33695
33700.4
33751.8
33882.9
33964
34033.9
34052.5
34206.2
34353.8
34426.8
34772.6
34842.6
35014.8
35162.5
35202.5
35500.2
35581.3
35912.6
35971.1
36011.1
36389.9
36478.4
36779.8
36819.8
36852.7
36986.3
37198.6
37268.5
37287
37420.6
37440.8
37588.4
37661.4
37738.2
37795
37823
37926.1
38007.2
38338.5
38397
38470
38734.8
38815.8
39058
39205.7
39245.7
39278.7
39355.5
39624.5
39664.5
39866.7
40014.3
40087.3
40111
40153
40220.9
40352.1
40433.1
40473.1
40503.1
40823
40895.9
40919.6
40936.7
40961.7
41029.5
41160.7
41241.8
41311.7
41631.6
41704.6
41781.4
41838.2
41969.3
42050.4
42085.2
42090.4
42292.6
42440.3
42480.3
42590
42646.8
42859.1
42899.1
42929
43190.3
43248.9
43345.5
43362.6
43387.6
43455.5
43667.7
43707.7
43737.7
43756.2
44057.5
44130.5
44154.2
44196.3
44264.1
44395.3
44476.3
44516.3
44546.3
44564.8
44807.6
44866.2
44962.8
45004.9
45016
45072.8
45285
45674.8
46093.6
46133.6
46163.6
46306.8
46335.8
46483.5
46523.5
46580.1
46622.2
46902.3
46972.2
46990.8
47233.5
47292.1
47629.8
47710.9
47780.9
47799.4
47933
48042.2
48100.7
48173.7
48214.4
48250.5
48519.6
48559.6
48589.5
48608
48761.8
48780.3
48909.4
48949.4
49006
49048.1
49328.2
49368.2
49570.4
49718
49791
49814.7
49831.7
49856.8
50136.8
50176.8
50206.8
50225.3
50358.9
50430.3
50468.1
50526.7
50599.7
50623.3
50665.4
50945.5
51015.4
51167.6
51187.7
51335.3
51485.1
51541.9
51673.1
51754.1
51794.1
51996.3
52129.9
52144
52184
52240.6
52257.7
52282.7
52562.8
52602.8
52632.7
52651.3
52805
52952.6
53049.3
53066.3
53091.3
53159.2
53371.4
53441.4
53459.9
53593.5
53613.6
53702.7
53761.2
53834.2
54099
54180.1
54220.1
54250
54268.5
54535.7
54569.9
54609.9
54662.1
54666.5
54708.6
54988.7
55230.9
55378.5
55492.2
55528.3
55797.3
55837.3
55867.3
55885.8
56187.2
56227.2
56260.2
56283.8
56325.9
56606
56675.9
56694.5
56828.1
56995.8
57202.4
57333.5
57414.6
57454.6
57636.7
57656.8
57675.4
57804.5
57844.5
57877.4
57901.1
57943.2
57954.2
58223.3
58263.3
58293.2
58311.8
58465.5
58613.1
58653.1
58709.8
58726.8
58751.8
58815.2
59031.9
59254
59274.1
59421.7
59494.7
59759.5
59840.6
59880.6
59910.5
59929
60062.6
60230.4
60327
60369.1
60649.2
60689.2
60980.5
61039
61135.7
61177.8
61188.8
61245.6
61376.8
61457.8
61497.8
61546.3
61679.9
61700
61847.7
61887.7
61920.7
61944.3
61986.4
62266.5
62306.5
62336.4
62355
62656.3
62753
62795
62862.9
62928.6
62994
63075.1
63145.1
63297.2
63317.3
63406.4
63465
63614.7
63802.7
63883.8
63953.7
63972.2
64273.6
64692.4
64780.9
64914.5
65082.2
65288.8
65501.1
65541.1
65571
65589.5
65723.1
65890.9
65930.9
65963.9
65987.5
66004.6
66029.6
66309.7
66379.6
66641
66699.5
66772.5
67037.3
67118.3
67121.8
67188.3
67340.4
67360.5
67508.2
67548.2
67581.2
67927
67967
67996.9
68149.1
68316.8
68356.8
68413.5
68430.5
68455.5
68735.6
68775.6
68957.7
68977.8
69125.5
69198.4
69222.1
69264.2
69332
69544.3
69614.2
69632.7
69934.1
69974.1
70007.1
70140.7
70352.9
70595.1
70742.7
70782.7
70892.5
70949.3
71080.5
71161.6
71258.3
71403.8
71551.4
71591.4
71665.1
71970.2
72010.2
72040.1
72058.7
72360
72400
72433
72456.7
72498.8
72566.6
72697.8
72778.8
72818.8
72867.3
73000.9
73021
73168.7
73241.7
73265.3
73307.4
73375.3
73506.4
73587.5
73977.3
74017.3
74050.3
74396.1
74786
74826
74935.7
75123.7
75204.8
75483.3
75594.6
75801.2
75932.3
76013.4
76053.4
76083.4
76101.9
76235.5
76344.7
76403.2
76476.2
76499.9
76542
76553
76609.8
76741
76822.1
76862.1
76910.5
77082.8
77211.9
77251.9
77308.5
77350.6
77418.5
77549.6
77630.7
77670.7
78020.5
78093.5
78117.2
78159.2
78439.3
78509.3
78829.2
78869.2
78978.9
79166.9
79248
79288
79317.9
79470.1
79637.8
79667.2
79734.5
79787.6
79844.4
79975.5
80056.6
80096.6
80145.1
80387.9
80446.5
80486.5
80543.1
80585.2
80596.2
80865.3
80935.2
80953.7
81107.5
81255.1
81295.1
81368.8
81404.9
81673.9
81762.4
82005.2
82063.7
82103.7
82401.5
82482.6
82522.6
82552.5
82872.4
82912.4
82969
83011.1
83022.2
83291.2
83331.2
83513.3
83533.4
83681
83754
83777.7
83819.7
83830.8
83841.9
84018.8
84099.8
84139.8
84321.9
84342
84431.1
84489.7
84562.6
84586.3
84628.4
84908.5
85130.6
85239.8
85298.3
85412
85636
85717.1
85959.3
86107
86256.7
86444.7
86525.8
86595.7
86614.2
86857
86915.6
86955.6
87029.3
87122.2
87253.3
87334.4
87404.4
87422.9
87576.6
87724.2
87797.2
88010.8
88062
88143.1
88183.1
88213
88231.5
88474.3
88532.9
88572.9
88605.9
88629.5
88671.6
88951.7
89021.6
89283
89341.5
89414.5
89455.2
89760.3
89800.3
89982.4
90150.2
90223.1
90246.8
90263.9
90288.9
90299.9
90569
90609
90638.9
90791.1
90958.8
91055.5
91097.5
91165.4
91377.6
91619.8
91708.9
91767.5
91807.5
91840.4
91881.1
91917.2
91974
92105.2
92186.3
92239.4
92256.2
92274.7
92428.5
92576.1
92994.9
93064.9
93237.1
93384.7
93498.4
93591.3
93722.5
93803.6
93873.5
93892
94045.7
94193.4
94266.4
94307.1
94612.2
94700.7
95002
95075
95208.6
95420.8
95490.8
95642.9
95663
95752.1
95810.7
95850.7
95883.6
95960.4
96229.5
96269.5
96299.4
96406.5
96619.3
96692.3
96716
96733
96957
97038.1
97108.1
97280.3
97369.4
97428
97500.9
97577.7
97634.5
97846.8
97916.7
98236.6
98309.6
98655.4
98695.4
99045.2
99085.2
99141.9
99184
99251.8
99464.1
99504.1
99534
99853.9
99926.9
99950.5
99992.6
100060
100273
100313
100343
100515
100522
100663
100703
100736
100759
100776
100801
100869
101000
101081
101151
101324
101413
101471
101511
101890
101930
102132
102280
102320
102376
102394
102419
102699
102739
102769
102787
102941
103030
103088
103185
103227
103295
103507
103596
103897
103970
104235
104316
104356
104404
104558
104706
104734
104802
104844
104856
105125
105367
105514
105852
105933
105973
106003
106022
106155
106175
106323
106363
106396
106420
106437
106462
106661
106742
106812
106830
107132
107338
107469
107550
107590
107620
107773
107940
107980
108013
108037
108054
108079
108090
108359
108429
108448
108620
108749
109010
109168
109390
109558
109598
109631
109707
109764
109976
110046
110065
110198
110366
110785
110825
111027
111175
111248
111272
111314
111325
111381
111513
111594
111664
111682
111816
111984
112024
112057
112402
112792
112865
113130
113211
113265
113281
113453
113542
113601
113641
114020
114090
114409
114449
114482
114616
114747
114828
114868
114917
115050
115070
115218
115258
115291
115315
115357
115368
115425
115637
115707
116027
116067
116100
116233
116446
116688
116777
116835
116908
117173
117254
117411
117644
117851
118063
118285
118305
118453
118526
118566
118602
118659
118790
118871
118911
118960
119114
119261
119334
119358
119400
119468
119599
119680
119720
119750
120070
120143
120167
120209
120277
120408
120489
120559
120820
120879
120952
121028
121216
121297
121367
121610
121687
121727
121801
122106
122176
122328
122496
122536
122915
122955
122985
123003
123305
123345
123377
123401
123443
123454
123511
123723
123763
123793
123812
124055
124113
124186
124210
124252
124320
124532
124922
124962
124995
125341
125583
125730
125844
125846
126149
126391
126481
126521
126539
126877
126958
126967
127009
127028
127046
127200
127348
127421
127554
127685
127767
127807
127855
128009
128156
128196
128253
128295
128363
128494
128575
128645
128817
128836
128906
128965
129005
129038
129079
129384
129454
129774
129847
129975
130111
130192
130262
130415
130582
130612
130732
130789
131001
131041
131223
131391
131464
131488
131505
131530
131810
131898
132052
132200
132240
132273
132406
132618
132688
133008
133081
133215
133346
133427
133467
133497
133817
133857
133914
133931
133956
133967
133980
134091
134155
134236
134276
134306
134478
134626
134698
134722
134764
134832
135044
135084
135133
135266
135287
135434
135474
135507
135531
135573
135853
135893
135923
136243
136283
136339
136382
136449
136662
137051
137091
137201
137389
137470
137540
137559
137712
137860
137900
138067
138279
138308
138367
138501
138521
138669
138709
138875
139006
139088
139176
139330
139419
139477
139550
139896
139985
140286
140359
140624
140705
140745
140927
140947
141095
141135
141168
141191
141233
141244
141432
141513
141553
141903
141976
142000
142042
142241
142322
142362
142392
142529
142544
142564
142653
142712
142752
142785
142809
142851
142862
142919
143050
143131
143201
143521
143727
143858
143939
143979
144329
144426
144443
144468
144748
144788
144818
144837
145138
145178
145235
145277
145344
145557
145597
145645
145947
146019
146043
146085
146096
146284
146365
146435
146454
146697
146727
146755
146905
147174
147244
147416
147564
147604
147677
147714
147902
147983
148023
148071
148205
148314
148372
148469
148511
148791
148861
148880
149013
149181
149254
149388
149600
149670
149688
149822
149990
150063
150139
150327
150409
150449
150798
150838
150895
150937
150971
151217
151287
151439
151459
151548
151607
151680
151721
152026
152066
152096
152114
152268
152357
152416
152456
152489
152512
152554
152622
152753
152834
152904
153057
153166
153224
153338
153431
153643
154033
154073
154106
154183
154452
154522
154540
154694
154842
154882
155048
155117
155260
155300
155482
155650
155690
155723
155747
155789
155857
155988
156069
156109
156139
156158
156459
156499
156532
156556
156573
156598
156609
156878
156918
157120
157268
157340
157364
157381
157406
157474
157605
157686
157726
158076
158116
158173
158190
158215
158495
158535
158885
158925
158981
159024
159091
159223
159258
159304
159344
159392
159526
159546
159564
159635
159693
159790
159832
159843
160031
160112
160182
160201
160502
160840
160921
161009
161311
161351
161648
161730
161770
161818
162061
162119
162159
162216
162258
162359
162538
162578
162608
162627
162760
162928
163001
163025
163067
163078
163266
163347
163417
163435
163457
163737
163810
163886
164074
164155
164195
164378
164545
164585
164642
164659
164684
164695
164964
165186
165295
165354
165394
165773
165813
165843
165861
165995
166163
166203
166236
166259
166301
166369
166500
166581
166651
166670
166803
166971
167085
167121
167309
167390
167632
167651
167780
167853
167930
168199
168287
168441
168530
168589
169007
169339
169397
169470
169604
169735
169816
169856
169886
169904
170038
170147
170206
170246
170279
170302
170319
170345
170356
170544
170625
170695
170885
171014
171054
171087
171164
171352
171433
171503
171655
171675
171823
171853
172242
172282
172359
172385
172573
172632
172728
172770
172838
173051
173273
173382
173440
173513
173554
173590
173647
173859
173948
174249
174322
174363
174399
174456
174668
174738
174910
175058
175171
175207
175395
175476
175516
175546
175719
175727
175808
175866
175906
175939
175963
176005
176105
176204
176285
176355
176374
176527
176675
176748
176882
177094
177134
177237
177316
177484
177580
177597
177622
177627
177690
177902
178292
178332
178406
178461
178711
179042
179101
179141
179174
179251
179307
179520
179560
179590
179608
179762
179851
179910
180006
180048
180059
180116
180328
180358
180368
180398
180571
180660
180718
180758
180791
180815
180832
180857
181056
181137
181177
181225
181527
181567
181600
181623
181666
181946
181986
182261
182335
182375
182432
182474
182542
182754
182824
183144
183482
183485
183563
183651
183953
184066
184159
184290
184372
184460
184576
184594
184614
184703
184761
184801
184875
184911
184968
185180
185269
185422
185570
185610
185643
185684
185908
185989
186029
186059
186077
186379
186452
186475
186517
186716
186797
186867
187020
187187
187227
187260
187525
187606
187646
187828
187996
188036
188069
188093
188135
188146
188415
188718
188805
188845
189011
189223
189293
189445
189613
189653
189686
189727
189763
189951
190032
190121
190363
190422
190572
190760
190841
191083
191231
191271
191303
191380
191437
191649
191689
191738
192039
192079
192112
192136
192178
192377
192458
192848
192921
192959
193186
193267
193337
193489
193598
193656
193729
193806
193994
194075
194317
194465
194505
194535
194615
194672
194803
194884
194924
195106
195215
195274
195314
195347
195370
195387
195412
195480
195693
195762
195781
196024
196082
196155
196232
196289
196420
196501
196541
196571
196832
196891
196931
196964
196988
197030
197116
197229
197310
197700
198118
198508
198548
198581
198622
198658
198715
198927
198967
198997
199016
199149
199258
199317
199357
199414
199456
199524
199655
199736
199987
200126
200166
200199
200239
200275
200332
200463
200544
200614
200633
200787
200934
201007
201048
201084
201246
201353
201393
201595
201684
201743
201783
201840
201857
201882
201949
202081
202162
202202
202384
202552
202624
202648
202690
202970
203059
203360
203433
203567
203698
203779
203819
203849
204001
204021
204110
204169
204209
204265
204282
204308
204319
204375
204507
204588
204628
204977
205011
205017
205074
205116
205315
205396
205466
205466
205485
205638
205728
205786
205859
205936
205993
206205
206245
206275
206293
206427
206536
206595
206691
206708
206733
206801
206932
207014
207403
207553
207822
207911
208212
208285
208362
208631
208701
208719
208853
209021
209061
209134
209170
209227
209358
209439
209479
209509
209662
209671
209771
209829
209902
209926
209968
210167
210248
210288
210318
210337
210490
210638
210678
210711
210735
210752
210777
210788
211057
211127
211279
211388
211447
211487
211520
211560
211865
211905
212255
212295
212352
212394
212674
212744
213005
213064
213104
213214
213270
213483
213571
213725
213814
213873
213938
213945
214079
214210
214291
214380
214534
214623
214681
214795
215100
215140
215342
215490
215530
215563
215586
215629
215828
215909
215997
216151
216240
216298
216338
216371
216412
216636
216717
216757
216787
216939
217107
217147
217180
217204
217246
217314
217445
217526
217596
217768
217916
218029
218065
218094
218253
218335
218375
218666
218724
218797
218821
218838
218863
218931
219143
219232
219365
219533
219573
219647
219683
219740
219952
220342
220415
220548
220679
220760
220830
220849
221150
221190
221264
221300
221488
221569
221609
221639
221959
221999
222032
222056
222098
222166
222271
222297
222378
222418
222466
222600
222620
222768
222841
222864
222906
223186
223256
223518
223576
223649
223690
223995
224217
224385
224425
224723
224804
225135
225193
225233
225400
225612
225682
225701
225855
226002
226075
226152
226209
226340
226417
226421
226461
226491
226509
226663
226752
226811
226884
226907
226950
227017
227149
227230
227270
227619
227659
227692
227716
227758
228038
228078
228428
228501
228525
228542
228567
228578
228847
228917
229069
229237
229277
229443
229574
229656
229696
229725
230045
230142
230159
230184
230383
230464
230553
230661
230706
230854
230894
231004
231061
231273
231343
231361
231515
231604
231663
231703
231736
231776
232081
232121
232170
232471
232511
232568
232610
232809
232890
232930
232960
233280
233353
233377
233419
233699
233787
233921
233941
234030
234089
234129
234162
234426
234507
234547
234729
234750
234840
234897
234937
234994
235036
235316
235356
235538
235706
235746
235803
235845
236044
236125
236195
236213
236456
236514
236587
236628
236664
236721
236852
236933
237022
237155
237323
237363
237530
237661
237742
237782
237984
238132
238172
238228
238271
238282
238551
238639
238940
239013
239054
239085
239278
239359
239429
239448
239581
239749
239822
239899
239956
240087
240168
240390
240558
240707
240895
240977
241219
241366
241439
241480
241785
241825
241855
241874
242007
242116
242175
242248
242272
242314
242382
242513
242594
242634
242664
242816
242984
243024
243057
243080
243122
243133
243190
243257
243321
243402
243442
243472
243734
243792
243865
243889
243931
244211
244251
244354
244453
244601
244641
244698
244740
244751
244808
245020
245090
245242
245351
245410
245616
245828
245917
246160
246218
246368
246425
246637
246677
246707
246725
246879
247027
247067
247124
247141
247166
247177
247420
247446
247486
247534
247688
247835
247875
247908
247932
247974
248173
248254
248294
248324
248343
248497
248586
248644
248717
248741
248758
248783
249063
249103
249133
249285
249378
249453
249549
249591
249791
249872
250094
250114
250203
250261
250301
250375
250680
250720
250769
250902
251070
251110
251167
251184
251209
251277
251489
251538
251559
251577
251711
251731
251820
251879
251919
252028
252085
252216
252298
252338
252367
252386
252629
252687
252760
252784
252826
253025
253106
253146
253195
253348
253496
253536
253593
253610
253635
253646
253915
253955
254137
254157
254305
254345
254378
254401
254443
254723
254763
254812
254946
255113
255210
255227
255252
255451
255532
255572
255602
255724
255754
255922
256019
256061
256072
256260
256341
256381
256429
256563
256731
256827
256844
256869
256880
257068
257149
257238
257481
257539
257653
257746
257958
257998
258028
258046
258348
258388
258445
258487
258686
258767
258837
258855
259098
259156
259306
259494
259575
259645
259664
259836
259859
259965
260005
260038
260115
260384
260424
260454
260472
260606
260626
260774
260814
260870
260912
260924
261193
261415
261524
261582
261655
262001
262041
262071
262090
262333
262391
262464
262488
262505
262530
262541
262810
263032
263052
263200
263349
263406
263537
263619
263861
264008
264041
264081
264122
264427
264497
264516
264669
264758
264817
264857
265155
265236
265276
265306
265458
265478
265567
265626
265699
265722
265764
265832
265963
266044
266114
266133
266376
266434
266507
266548
266853
266893
266923
267095
267243
267316
267340
267357
267382
267393
267449
267662
267702
268052
268092
268099
268148
268470
268540
268802
268860
268900
268933
269067
269279
269349
269367
269501
269521
269669
269709
269783
269819
269875
270007
270088
270158
270477
270517
270591
270684
270896
270985
271286
271326
271359
271400
271705
271947
272095
272135
272168
272214
272301
272514
272845
272903
272943
272976
273241
273322
273564
273712
273785
273826
273862
274050
274131
274373
274521
274561
274594
274727
274858
274940
274980
275182
275271
275329
275402
275426
275468
275536
275667
275748
275788
276009
276138
276211
276235
276277
276345
276443
276476
276557
276597
276627
276947
277020
277043
277085
277096
277153
277284
277365
277755
277869
277905
277962
278093
278174
278214
278244
278564
278604
278661
278703
278714
278770
278983
279023
279053
279071
279314
279373
279413
279469
279511
279579
279710
279791
279831
279861
279880
280181
280221
280254
280278
280295
280320
280331
280388
280600
280640
280670
280688
280743
280990
281030
281086
281409
281449
281651
281798
281895
281937
282217
282306
282549
282607
283026
283114
283248
283357
283416
283485
283566
283622
283754
283835
283923
284057
284166
284224
284264
284338
284562
284643
284713
284885
284898
284942
285033
285073
285106
285371
285452
285492
285522
285540
285674
285694
285783
285842
285915
285938
285980
286179
286261
286330
286483
286650
286723
287069
287109
287291
287459
287532
287556
287573
287598
287609
287878
287918
288268
288308
288364
288381
288406
288417
288474
288686
288756
289018
289044
289076
289116
289149
289190
289283
289414
289495
289565
289584
289737
289885
289925
290035
290091
290223
290304
290374
290394
290434
290546
290694
290807
290880
290922
291112
291201
291355
291502
291542
291575
291921
291961
292009
292311
292384
292407
292450
292517
292730
292952
293061
293119
293326
293457
293538
293578
293608
293780
293870
293928
294001
294025
294042
294067
294266
294347
294526
294737
294777
294943
295074
295156
295226
295398
295418
295487
295545
295618
295752
295964
296004
296034
296053
296354
296394
296451
296493
296692
296773
296813
296843
297163
297203
297236
297259
297301
297312
297369
297554
297582
297622
297670
297894
297971
298044
298068
298085
298110
298390
298430
298460
298632
298780
298820
298877
298894
298919
298930
299199
299589
299926
300007
300047
300096
300250
300397
300494
300536
300604
300816
300886
300905
301038
301077
301206
301246
301544
301625
301665
301713
301867
301884
302015
302088
302111
302352
302433
302503
302522
302765
302823
302863
303242
303282
303312
303464
303632
303672
303705
303728
303771
303970
304051
304091
304139
304273
304440
304537
304579
304859
304929
305081
305249
305322
305399
305668
305708
305910
306058
306094
306154
306196
306208
306395
306477
306517
306866
306963
307005
307285
307355
307374
307507
307527
307675
307715
307748
307789
307825
308013
308094
308164
308182
308484
308524
308690
308821
308903
308972
309292
309332
309711
309781
309800
309953
310101
310141
310174
310319
310520
310560
310608
310742
310851
310910
310950
310983
311006
311048
311116
311328
311368
311551
311660
311718
311758
311791
311815
311857
311868
312137
312177
312527
312600
312624
312666
312677
312865
312946
312986
313168
313277
313336
313376
313432
313474
313542
313673
313754
313794
314144
314241
314283
314351
314482
314559
314563
314603
314651
314805
314953
315049
315092
315159
315291
315372
315412
315442
315460
315761
315801
315858
315875
315900
315968
316099
316180
316269
316570
316610
316684
316720
316908
316989
317029
317059
317077
317320
317379
317419
317475
317517
317529
317798
317868
317886
318129
318187
318301
318337
318525
318606
318695
318784
318828
318996
319036
319069
319146
319415
319503
319637
319805
319845
319954
320224
320264
320466
320613
320653
320686
320710
320752
320763
320951
321032
321072
321102
321121
321254
321422
321495
321519
321561
321760
321841
322102
322172
322212
322231
322304
322344
322380
322437
322568
322649
322659
322701
322872
322892
322979
322981
323039
323153
323458
323789
323848
324054
324186
324267
324307
324337
324355
324489
324598
324657
324753
324795
324806
324994
325075
325145
325164
325407
325465
325538
325615
325672
325803
325884
325924
325954
326215
326274
326304
326314
326347
326370
326413
326424
326693
326733
326763
327082
327107
327122
327179
327196
327221
327501
327571
327723
327833
327891
327931
327964
328005
328041
328310
328380
328398
328532
328700
328813
328850
328906
329119
329361
329508
329622
329672
329927
329967
330016
330169
330258
330317
330357
330390
330414
330431
330456
330736
330824
330978
331126
331166
331199
331239
331345
331463
331545
331614
331767
331876
331934
332007
332131
332272
332353
332423
332743
332783
332857
333081
333162
333202
333384
333404
333493
333552
333592
333625
333648
333690
333758
333970
334059
334193
334302
334360
334433
334567
334779
334849
335169
335209
335242
335283
335319
335375
335507
335588
335604
335628
335978
336018
336074
336116
336127
336315
336396
336436
336786
336826
336859
336883
336900
336925
336936
336993
337205
337245
337275
337293
337427
337447
337595
337635
337668
337691
337734
337801
337933
338014
338403
338443
338517
338610
338741
338822
338862
339212
339309
339326
339351
339362
339631
339671
339719
339823
339873
340021
340117
340159
340171
340227
340358
340440
340528
340771
340829
340902
341036
341167
341248
341337
341579
341638
341788
341976
342057
342097
342127
342299
342318
342388
342447
342487
342543
342585
342596
342784
342865
342905
342935
342954
343088
343255
343328
343352
343394
343593
343674
343744
343763
344064
344064
344104
344137
344214
344483
344523
344553
344814
344873
344913
344969
345011
345291
345623
345681
345795
345831
346100
346140
346170
346189
346490
346530
346563
346587
346604
346629
346640
346696
346909
346949
346997
347131
347151
347240
347299
347339
347395
347412
347437
347505
347636
347717
347960
348049
348107
348180
348237
348526
348566
348596
348614
348768
348916
349012
349055
349254
349335
349375
349557
349577
349666
349724
349764
349821
349838
349863
350062
350143
350183
350232
350365
350533
350573
350606
350630
350647
350672
350952
350992
351022
351040
351194
351283
351342
351382
351438
351480
351492
351548
351679
351761
351831
351983
352092
352150
352264
352456
352488
352569
352609
352658
352959
353056
353073
353098
353378
353418
353466
353600
353768
353864
353906
353917
354186
354275
354409
354576
354616
354649
354690
354914
354995
355035
355065
355084
355385
355425
355482
355524
355535
355723
355804
355874
356026
356046
356194
356307
356531
356534
356612
356682
356701
356835
356855
356944
357002
357042
357075
357116
357421
357461
357510
357643
357811
357908
357950
358230
358270
358452
358620
358693
358716
358758
358769
359038
359078
359108
359127
359428
359501
359525
359567
359578
359766
359847
360069
360089
360237
360387
360575
360656
360696
360715
360726
360878
360898
360987
361045
361085
361142
361184
361464
361504
361534
361553
361706
361854
361951
361968
361993
362192
362273
362343
362361
362495
362663
362703
362736
362869
363082
363122
363152
363170
363471
363568
363610
363621
363890
364132
364221
364280
364320
364430
364699
364769
364787
364863
364921
365030
365089
365162
365507
365596
365730
365839
365897
365937
366011
366047
366235
366316
366356
366386
366538
366558
366706
366746
366779
366803
366845
367125
367165
367213
367515
367555
367588
367611
367653
367852
367933
368003
368156
368176
368323
368363
368396
368742
368782
368964
369073
369102
369132
369172
369229
369246
369271
369470
369551
369793
369882
369941
369981
370054
370090
370147
370359
370399
370448
370581
370749
370822
370846
370863
370888
370956
371087
371168
371208
371256
371410
371499
371558
371654
371697
371708
371764
371896
371977
372017
372366
372439
372463
372505
372704
372785
372874
373027
373175
373280
373325
373513
373594
373664
373816
373984
374024
374097
374190
374321
374403
374473
374491
374625
374792
374906
375130
375211
375281
375300
375542
375601
375641
375674
375751
375808
376020
376060
376090
376108
376242
376410
376483
376506
376523
376548
376828
376868
377160
377218
377258
377291
377315
377357
377513
377637
377677
377707
377859
378027
378067
378100
378124
378166
378446
378486
378668
378688
378777
378836
378876
378932
378974
379042
379173
379254
379324
379476
379644
379684
379851
380063
380103
380152
380305
380453
380493
380550
380567
380592
380659
380791
380872
380912
380960
381114
381203
381262
381302
381358
381400
381468
381680
381720
381736
381769
382070
382143
382167
382184
382209
382408
382489
382529
382577
382879
382919
382975
383018
383029
383217
383298
383520
383687
383727
383801
384025
384106
384195
384348
384496
384536
384646
384834
384915
384955
384985
385003
385137
385305
385345
385401
385443
385642
385724
385812
385919
385984
386113
386153
386186
386227
386263
386451
386532
386621
386922
386995
387341
387731
388068
388149
388372
388481
388539
388579
388612
388877
388958
388998
389047
389180
389348
389421
389445
389487
389498
389555
389686
389767
389807
389837
389989
390009
390098
390157
390161
390197
390230
390253
390295
390306
390363
390494
390575
390615
390645
390965
391038
391062
391104
391303
391384
391424
391715
391774
391814
391871
391913
391924
391980
392193
392263
392415
392583
392732
392789
393001
393090
393130
393391
393505
393598
393729
393810
393880
393898
394200
394240
394350
394387
394406
394619
394659
394707
394861
394950
395008
395081
395105
395122
395147
395346
395427
395467
395516
395669
395759
395817
395857
395914
395956
396236
396306
396458
396626
396666
396699
396739
396963
397045
397267
397287
397376
397434
397474
397584
397853
397923
398075
398184
398243
398279
398570
398662
398750
398884
398904
399052
399092
399125
399201
399389
399470
399559
399802
399860
399900
399933
399974
400279
400669
400709
400742
400783
400819
401007
401088
401158
401478
401518
401551
401815
401896
402286
402326
402359
402400
402493
402624
402671
402705
402947
403036
403095
403168
403209
403245
403301
403514
403904
403977
404241
404322
404583
404654
404712
404752
404785
404826
404862
404919
405050
405131
405521
405594
405671
405727
405859
405940
405980
406010
406182
406271
406329
406402
406426
406468
406479
406536
406667
406748
406818
406936
407138
407211
407345
407476
407557
407947
408020
408060
408097
408153
408366
408436
408697
408755
408962
409174
409244
409564
409604
409637
409678
409714
409771
409902
409983
410023
410053
410071
410314
410373
410413
410446
410469
410511
410522
410579
410791
410861
411034
411123
411155
411181
411254
411295
411388
411600
411640
411670
411842
411931
411990
412030
412063
412087
412129
412409
412449
412799
412895
412937
413217
413439
413460
413607
413680
413721
413757
413814
414026
414066
414096
414416
414513
414555
414622
414754
414835
415077
415166
415225
415338
415363
415431
415562
415643
415683
415713
415732
415886
415975
416033
416106
416130
416147
416172
416452
416522
416540
416694
416842
416882
416956
417180
417261
417331
417650
417690
417723
418069
418139
418158
418459
418499
418609
418878
418948
419100
419120
419209
419268
419308
419341
419418
419474
419517
419687
419727
419775
419909
420076
420116
420149
420173
420190
420215
420495
420535
420737
420885
420925
420958
420982
420999
421024
421092
421304
421344
421526
421546
421694
421767
421790
421832
422031
422112
422355
422502
422709
422840
422921
423143
423163
423311
423518
423649
423716
423730
423818
423972
424061
424120
424160
424233
424457
424538
424578
424608
424627
424870
424928
425001
425025
425067
425135
425266
425347
425387
425417
425436
425737
425777
425810
425834
425876
425887
426075
426156
426226
426546
426586
426619
426695
426964
427004
427186
427354
427451
427493
427504
427773
427813
427843
427912
427995
428163
428203
428259
428302
428313
428582
428622
428670
428804
428971
429011
429044
429068
429085
429110
429121
429178
429309
429390
429430
429479
429780
429820
429877
429894
429919
429930
429987
430199
430269
430441
430589
430926
431008
431096
431339
431397
431735
431816
431905
431945
432038
432099
432139
432147
432206
432391
432413
432433
432625
432713
432847
432867
432956
433015
433164
433352
433433
433473
433503
433522
433765
433823
433863
433896
433920
433962
434161
434242
434464
434573
434632
434672
434705
434782
434970
435051
435273
435293
435382
435422
435441
435481
435514
435859
436036
436076
436249
436249
436319
436363
436523
436565
436668
436890
437058
437131
437172
437208
437264
437288
437477
437565
437867
437980
438016
438285
438325
438528
438617
438675
438715
438748
438772
438789
438814
438825
438882
439013
439094
439164
439405
439484
439524
439557
439598
439822
439903
439973
440168
440208
440234
440274
440292
440332
440365
440406
440424
440499
440572
440630
440711
440751
440933
441101
441143
441198
441240
441520
441771
441910
441983
442329
442417
442660
442718
442791
442868
442925
443137
443177
443468
443527
443536
443624
443641
443666
443677
443734
443865
443946
444016
444188
444277
444336
444409
444427
444485
444635
444673
444754
444794
444824
444843
444997
445144
445184
445217
445241
445258
445283
445358
445423
445482
445563
445603
445633
445785
445953
446050
446092
446372
446412
446442
446596
446762
446795
446835
446858
446900
447180
447220
447250
447269
447570
447667
447684
447709
447720
447777
447989
448029
448320
448379
448419
448476
448493
448518
448529
448585
448798
448799
448838
448868
448886
449040
449129
449188
449213
449284
449301
449326
449606
449646
449676
449695
449849
449879
449938
449996
450093
450135
450203
450334
450415
450485
450503
450637
450805
450845
451224
451264
451312
451466
451613
451620
451710
451752
452032
452102
452121
452254
452422
452462
452841
452911
452929
453050
453063
453172
453231
453304
453344
453568
453650
453738
453872
453892
453981
454039
454079
454153
454458
454498
454528
454665
454680
454700
454848
454888
454903
454921
454945
454962
454987
455267
455307
455355
455657
455697
455730
455753
455795
455994
456075
456115
456145
456298
456465
456505
456538
456562
456604
456672
456884
457126
457274
457295
457612
457693
457733
457935
458083
458123
458179
458196
458221
458501
458541
458590
458891
458988
459005
459030
459098
459229
459310
459350
459399
459689
459700
459773
459797
459839
459850
459906
460038
460119
460189
460207
460509
460846
460927
460967
461170
461317
461357
461414
461456
461467
461516
461655
461736
461806
461824
461958
462126
462545
462615
462633
462767
462934
463007
463084
463272
463353
463393
463423
463442
463575
463743
463840
463882
463893
464162
464552
464625
464702
464971
465040
465059
465193
465213
465302
465360
465400
465433
465510
465719
465779
465819
465849
466169
466266
466308
466507
466588
466658
466810
466830
466919
466978
467051
467127
467396
467485
467539
467786
467929
467993
468205
468447
468536
468595
468635
468802
469014
469084
469345
469404
469477
469822
469887
469892
469911
470065
470154
470212
470285
470326
470362
470419
470550
470631
470671
470701
470853
470962
471021
471061
471094
471118
471160
471440
471682
471830
471870
471902
471943
472248
472318
472564
472580
472638
472678
472711
472845
473057
473097
473127
473447
473487
473543
473560
473586
473653
473785
473866
474056
474108
474255
474328
474369
474405
474462
474674
474714
474763
474916
475064
475104
475137
475161
475178
475203
475271
475483
475725
475814
475873
475986
476079
476210
476292
476332
476681
476754
476778
476820
477019
477100
477170
477189
477342
477490
477604
477640
477697
477828
477909
478268
478299
478339
478372
478505
478585
478636
478717
478787
478806
479107
479147
479526
479566
479596
479857
479916
479956
479989
480013
480055
480066
480254
480335
480405
480423
480557
480725
480798
480838
480874
481143
481183
481533
481606
481630
481672
481683
481740
481952
482174
482194
482342
482382
482492
482522
482761
483092
483132
483151
483223
483357
483488
483569
483609
483639
483658
483812
483959
484056
484098
484109
484166
484297
484378
484418
484620
484768
484808
484841
484864
484881
484907
484974
485106
485187
485227
485275
485315
485429
485447
485518
485576
485649
485673
485715
485995
486035
486327
486385
486482
486524
486681
486804
486844
486874
487026
487135
487194
487234
487290
487332
487344
487531
487613
487701
487944
488002
488116
488209
488282
488421
488491
488510
488643
488811
488851
488961
489018
489230
489300
489318
489561
489620
489957
490038
490127
490428
490465
490501
490542
490847
490887
490907
490917
490936
491069
491237
491310
491334
491351
491376
491387
491656
491878
491898
492046
492086
492119
492137
492159
492383
492464
492504
492534
492854
492927
492951
492968
492993
493273
493313
493416
493495
493515
493663
493703
493760
493802
493813
493869
494001
494082
494152
494304
494320
494324
494413
494472
494544
494585
494678
494890
495014
495054
495280
495699
495739
495769
495941
496089
496129
496185
496228
496239
496508
496596
496839
496897
496937
496970
497235
497316
497405
497558
497589
497629
497706
497779
497856
497913
498125
498165
498515
498611
498653
498852
498934
499176
499190
499230
499265
499323
499437
499676
499718
499742
499772
499782
499822
499831
499964
